63167
4831
4803
6499
4915
5115
5783
3573
4903
5979
6227
4571
4883
4915
4287
4671
4967
4967
6155
4631
5987
4707
5087
5739
5031
6715
7259
5467
3813
7735
3833
6399
7031
4731
5203
5663
3765
5899
6707
5923
5775
4543
4687
6643
6099
5955
6675
6227
5931
5715
4339
7075
4759
7807
4359
5511
6055
7147
6723
6663
5675
6563
5423
4863
5315
4503
6979
4815
5251
6735
6179
7095
5067
5723
5935
4415
5915
4155
5539
5035
4099
6023
3987
8359
4175
5019
5867
6875
5783
6059
8139
8255
5775
5283
4939
6507
4575
6707
5695
5123
6155
6755
4499
5591
4063
5663
6195
5683
4787
4375
6071
7123
6507
7415
7823
8487
8519
6175
5707
4795
4283
5127
6295
9199
4843
4183
8471
4355
5299
6143
7299
4947
4931
5055
5783
8003
4803
6339
8895
6191
5591
5803
4499
7223
6223
5695
4795
6935
4639
8335
5843
8055
6967
4471
4519
4415
6007
4407
9671
7439
5195
8207
6519
4815
5303
6375
7519
4703
5387
6331
4303
5151
7067
9047
4859
4279
6163
5987
7063
4971
5367
5227
6059
4511
6403
5355
5223
5823
4327
4803
4155
5951
4343
6843
7283
4471
6599
5227
8439
6191
4041
8103
4615
5043
5431
5455
9447
4711
6771
12143
6975
5203
7771
5075
4587
6271
5139
3947
4059
6131
4551
5859
5223
7287
5619
6911
6607
6687
6011
6287
5527
7023
6027
3943
4053
5623
6815
5651
9295
4543
3653
5991
7539
5807
4043
6703
7843
6095
5463
5843
6591
7247
6427
7815
4663
4551
4691
5079
7291
5931
5171
4065
4255
4903
4951
4287
5363
6803
5039
4619
3783
4911
5323
7167
6371
6403
5131
6543
5555
4687
5347
5403
5263
5531
4483
6655
4183
6923
6543
5683
5055
4395
8279
5507
6827
5547
5675
4643
7455
6039
5295
4403
6043
6139
4643
5099
7107
5943
6819
5307
5771
5583
5887
6123
4451
6995
6855
5403
4475
6111
5495
6047
9767
6039
6615
3859
5151
7291
4947
6143
6719
8263
5927
7231
4639
3865
6415
5647
6223
5215
4783
6039
4259
4463
5555
7271
5563
7623
4583
4583
5215
7011
4935
8375
6391
4563
8391
5271
7215
5831
4847
5807
4519
5775
6051
4331
6611
7119
6283
5067
5587
6047
6075
5255
6103
6679
4439
5075
5819
4455
4947
6395
7027
4459
6471
3947
6975
4931
5067
4863
3827
6943
8943
5451
7671
4531
4475
4979
6283
6275
5595
4279
5627
7151
5887
4219
9119
9631
6563
6979
5763
4875
9743
6667
4167
6599
5383
6139
7195
5403
5727
5043
4659
8511
6951
6011
4175
5111
5119
5983
6699
8071
6939
5467
7095
6043
4963
5799
5879
4919
4419
5919
4911
4575
5299
4563
5795
5003
4399
4527
3475
6319
7699
6127
4575
5043
4479
6203
5451
4783
4259
4231
5159
5431
4065
4511
5707
3867
4347
5019
5415
4891
3365
6227
6375
6403
5755
5471
6927
6195
6391
7683
6923
6139
8287
5903
4395
4343
4423
4759
3735
4803
5115
3879
5107
4759
4327
4167
7423
7575
7755
6187
5859
5059
5855
3513
5591
5591
5583
6595
4915
5231
5523
6379
5967
6779
6603
5279
5323
4367
4735
6867
5183
4855
5255
6027
5599
5471
5467
4267
6307
5187
5659
5819
3671
4995
7095
4999
5911
5903
5359
5175
5251
5019
4263
6607
5467
6835
5739
5547
6287
6823
6075
7139
4499
4343
7279
7511
5203
6115
6771
4623
4575
5779
4763
6711
4491
6003
6467
3829
5039
5771
4903
4631
4343
4147
6455
4779
4563
4195
4851
6319
5659
5127
3821
4515
5479
4463
5691
6043
5639
8495
4167
4243
8687
7691
6011
7951
